15.43
17.43
15.69
15.77
19.09
15.65
12.76
15.82
17.9
15.6
13.9
15.86
17.52
15.56
13.99
15.52
14.12
15.9
15.94
14.29
17.22
15.52
15.99
14.41
17.09
15.48
16.03
16.03
17.01
14.54
15.39
16.11
15.31
16.11
15.26
16.24
16.28
15.18
15.14
14.92
16.37
16.58
15.09
14.8
16.41
16.75
15.01
14.63
16.5
16.88
15.43
15.65
13.82
15.48
17.22
15.56
15.35
16.24
16.33
16.71
17.43
13.52
15.86
14.07
15.73
15.99
15.73
16.45
16.58
15.22
15.73
15.82
17.3
15.9
15.77
16.07
15.26
15.14
15.6
14.67
15.77
17.13
15.6
15.73
14.41
17.05
16.16
14.97
14.8
16.79
16.96
15.69
13.99
14.37
16.92
14.46
15.65
14.88
16.2
15.69
